1.000000 3.071658
1.018036 1.439232
1.036072 4.029920
1.054108 3.385910
1.072144 1.782199
1.090180 1.755138
1.108216 4.391979
1.126253 4.348549
1.144289 1.946928
1.162325 3.996697
1.180361 2.050995
1.198397 1.922583
1.216433 4.083903
1.234469 4.398788
1.252505 3.779025
1.270541 2.672085
1.288577 2.684440
1.306613 4.395435
1.324649 5.453256
1.342685 2.335881
1.360721 4.093955
1.378758 2.183481
1.396794 3.840107
1.414830 3.086839
1.432866 5.866968
1.450902 5.248362
1.468938 2.432986
1.486974 5.662322
1.505010 2.657477
1.523046 6.145473
1.541082 2.988570
1.559118 3.138054
1.577154 5.034806
1.595190 2.464634
1.613226 5.269928
1.631263 5.979077
1.649299 6.452128
1.667335 5.986772
1.685371 6.958841
1.703407 3.515282
1.721443 7.158518
1.739479 8.256845
1.757515 5.160230
1.775551 6.198710
1.793587 8.235037
1.811623 6.793615
1.829659 7.976657
1.847695 8.883251
1.865731 5.362348
1.883768 4.012728
1.901804 9.779028
1.919840 6.342474
1.937876 4.860789
1.955912 5.585587
1.973948 5.543262
1.991984 7.110160
2.010020 10.224950
2.028056 7.219335
2.046092 5.493699
2.064128 8.035995
2.082164 6.337231
2.100200 10.209758
2.118236 4.241394
2.136273 4.911333
2.154309 9.570339
2.172345 10.534612
2.190381 10.636953
2.208417 12.923840
2.226453 9.822953
2.244489 9.435593
2.262525 13.258098
2.280561 11.053850
2.298597 13.147465
2.316633 14.907965
2.334669 10.532566
2.352705 14.193867
2.370741 5.673823
2.388778 14.061208
2.406814 9.766716
2.424850 14.916701
2.442886 8.284462
2.460922 14.995976
2.478958 14.195304
2.496994 13.117602
2.515030 8.162207
2.533066 6.421949
2.551102 6.538826
2.569138 12.271296
2.587174 7.177766
2.605210 14.210776
2.623246 9.508468
2.641283 20.766158
2.659319 8.571931
2.677355 10.764456
2.695391 16.292436
2.713427 7.540433
2.731463 22.418788
2.749499 15.478449
2.767535 19.103215
2.785571 22.530611
2.803607 16.173992
2.821643 22.013820
2.839679 17.623587
2.857715 19.163848
2.875752 8.869375
2.893788 19.506517
2.911824 14.160535
2.929860 23.593504
2.947896 11.439476
2.965932 23.877725
2.983968 14.429247
3.002004 29.383710
3.020040 11.065741
3.038076 12.936339
3.056112 31.229858
3.074148 32.014547
3.092184 22.245388
3.110220 32.069162
3.128257 15.755552
3.146293 23.249708
3.164329 18.228092
3.182365 34.468269
3.200401 26.996601
3.218437 14.243746
3.236473 20.609495
3.254509 33.938028
3.272545 17.145953
3.290581 17.189420
3.308617 38.833144
3.326653 33.692446
3.344689 30.903427
3.362725 37.528090
3.380762 15.578367
3.398798 21.248946
3.416834 35.957875
3.434870 26.062991
3.452906 33.171663
3.470942 18.013534
3.488978 16.376228
3.507014 36.683395
3.525050 43.463008
3.543086 28.004498
3.561122 20.417555
3.579158 43.728898
3.597194 23.722204
3.615230 54.625066
3.633267 55.619226
3.651303 45.074035
3.669339 48.640186
3.687375 46.729633
3.705411 30.093395
3.723447 45.547561
3.741483 42.160466
3.759519 21.463887
3.777555 44.146138
3.795591 54.295537
3.813627 38.970477
3.831663 66.901868
3.849699 45.569571
3.867735 67.924198
3.885772 50.165641
3.903808 71.906824
3.921844 55.542798
3.939880 52.954792
3.957916 43.448931
3.975952 60.762946
3.993988 58.069852
4.012024 67.415496
4.030060 83.271155
4.048096 36.091621
4.066132 53.081135
4.084168 57.016822
4.102204 35.679335
4.120240 83.740705
4.138277 81.503081
4.156313 41.493206
4.174349 78.646966
4.192385 44.340887
4.210421 70.754137
4.228457 64.494601
4.246493 70.558582
4.264529 62.595644
4.282565 104.293417
4.300601 84.068292
4.318637 99.864695
4.336673 89.449757
4.354709 84.850180
4.372745 108.587493
4.390782 67.790914
4.408818 77.241914
4.426854 118.808218
4.444890 51.966197
4.462926 117.100255
4.480962 117.465053
4.498998 107.013105
4.517034 134.598526
4.535070 72.719442
4.553106 117.709249
4.571142 115.018800
4.589178 116.127973
4.607214 110.225097
4.625251 57.135864
4.643287 57.136867
4.661323 122.700037
4.679359 65.697600
4.697395 142.559443
4.715431 70.343853
4.733467 86.403665
4.751503 76.400372
4.769539 71.897591
4.787575 159.613312
4.805611 164.962111
4.823647 102.022804
4.841683 103.879589
4.859719 165.104650
4.877756 115.575285
4.895792 84.247266
4.913828 185.177043
4.931864 126.160266
4.949900 138.337602
4.967936 81.926045
4.985972 193.176384
5.004008 147.519103
5.022044 115.308050
5.040080 111.227326
5.058116 94.376359
5.076152 198.594227
5.094188 190.793583
5.112224 185.964005
5.130261 180.895437
5.148297 123.939374
5.166333 215.583183
5.184369 187.383797
5.202405 123.561910
5.220441 136.911645
5.238477 143.171056
5.256513 258.945501
5.274549 185.537275
5.292585 149.142630
5.310621 141.733183
5.328657 237.085126
5.346693 161.633047
5.364729 245.793414
5.382766 169.746165
5.400802 115.223663
5.418838 203.055057
5.436874 211.345057
5.454910 123.969002
5.472946 314.372198
5.490982 276.444541
5.509018 212.341355
5.527054 311.738747
5.545090 238.059225
5.563126 268.455470
5.581162 159.227931
5.599198 289.124400
5.617234 319.147850
5.635271 168.080817
5.653307 231.038782
5.671343 272.998768
5.689379 183.340111
5.707415 346.255441
5.725451 171.680022
5.743487 405.796271
5.761523 359.150198
5.779559 239.476197
5.797595 471.193876
5.815631 456.284246
5.833667 457.756301
5.851703 507.826494
5.869739 223.118723
5.887776 219.967373
5.905812 312.090339
5.923848 250.477759
5.941884 319.747103
5.959920 298.435872
5.977956 367.008577
5.995992 285.288707
6.014028 523.683835
6.032064 608.198047
6.050100 487.778858
6.068136 440.512534
6.086172 299.019822
6.104208 617.878549
6.122244 268.973200
6.140281 283.152109
6.158317 590.789740
6.176353 409.048518
6.194389 367.493895
6.212425 573.746001
6.230461 701.025611
6.248497 703.439373
6.266533 700.442311
6.284569 788.262802
6.302605 720.710079
6.320641 544.810798
6.338677 367.930639
6.356713 639.747420
6.374749 299.287589
6.392786 621.419442
6.410822 431.959284
6.428858 916.809587
6.446894 384.751421
6.464930 725.707828
6.482966 353.110060
6.501002 925.473734
6.519038 745.718554
6.537074 738.582491
6.555110 435.752499
6.573146 686.993134
6.591182 502.762898
6.609218 511.913034
6.627255 385.256735
6.645291 746.078911
6.663327 1033.760486
6.681363 1188.133474
6.699399 430.316302
6.717435 653.088427
6.735471 782.818015
6.753507 514.235530
6.771543 750.485399
6.789579 977.393504
6.807615 958.993348
6.825651 561.917466
6.843687 787.870698
6.861723 1146.013874
6.879760 836.257541
6.897796 1455.431926
6.915832 1451.677084
6.933868 1231.747648
6.951904 1515.449486
6.969940 1053.517183
6.987976 1581.948173
7.006012 1290.797822
7.024048 1100.858258
7.042084 1120.893553
7.060120 687.105261
7.078156 1399.220747
7.096192 857.226413
7.114228 872.827680
7.132265 1088.986212
7.150301 1784.284615
7.168337 1284.707490
7.186373 1532.710094
7.204409 1452.977036
7.222445 876.693800
7.240481 1004.230540
7.258517 724.275961
7.276553 1431.535281
7.294589 1855.113018
7.312625 1274.241427
7.330661 1785.877324
7.348697 1134.544639
7.366733 2357.859717
7.384770 1063.429238
7.402806 2083.537630
7.420842 1085.785283
7.438878 1819.899218
7.456914 1835.702894
7.474950 1216.686207
7.492986 1041.334973
7.511022 2413.066877
7.529058 1973.032591
7.547094 2387.986710
7.565130 1659.559311
7.583166 2613.237818
7.601202 1760.527983
7.619238 1487.017525
7.637275 1099.264146
7.655311 3019.918326
7.673347 1741.715214
7.691383 1247.957941
7.709419 2585.925740
7.727455 2859.970619
7.745491 2334.239247
7.763527 3176.806248
7.781563 2923.140950
7.799599 3464.266047
7.817635 3427.953688
7.835671 1972.801679
7.853707 3141.822340
7.871743 3067.895915
7.889780 1868.898717
7.907816 1794.174286
7.925852 1743.790104
7.943888 3720.150904
7.961924 3213.938892
7.979960 2483.541862
7.997996 3659.237829
8.016032 2665.637960
8.034068 2128.141739
8.052104 2920.568347
8.070140 2813.844310
8.088176 3906.893787
8.106212 1790.099145
8.124248 2160.211461
8.142285 4089.744903
8.160321 1889.626561
8.178357 3919.294308
8.196393 2212.982570
8.214429 3398.356627
8.232465 4099.591551
8.250501 4978.407135
8.268537 5302.967104
8.286573 4129.013764
8.304609 2870.148098
8.322645 6091.729913
8.340681 5490.137062
8.358717 5206.006289
8.376754 5517.998084
8.394790 3362.206499
8.412826 2882.861190
8.430862 5687.198797
8.448898 5370.411092
8.466934 3233.341453
8.484970 6487.545584
8.503006 6556.321346
8.521042 3212.340190
8.539078 5059.524677
8.557114 6452.517270
8.575150 6358.017268
8.593186 3236.865651
8.611222 6042.255357
8.629259 4921.778095
8.647295 3701.567557
8.665331 4000.869454
8.683367 5785.812193
8.701403 3486.576646
8.719439 5875.913893
8.737475 7104.638875
8.755511 5837.917461
8.773547 7882.480779
8.791583 6183.920674
8.809619 6564.400934
8.827655 9752.995571
8.845691 9027.724734
8.863727 5939.463377
8.881764 6407.533656
8.899800 4544.912699
8.917836 6195.051413
8.935872 8055.743962
8.953908 10136.874074
8.971944 10242.573161
8.989980 5615.607288
9.008016 5554.443690
9.026052 6404.059339
9.044088 4572.896255
9.062124 10605.610345
9.080160 8428.198492
9.098196 8313.414550
9.116232 9374.900779
9.134269 9174.821349
9.152305 9719.246865
9.170341 7013.765076
9.188377 11347.999577
9.206413 10757.665689
9.224449 14908.865255
9.242485 6505.800941
9.260521 9463.149421
9.278557 6958.882626
9.296593 6431.483103
9.314629 10100.281554
9.332665 13900.491804
9.350701 13347.994234
9.368737 11364.824198
9.386774 11929.547050
9.404810 15061.859987
9.422846 10265.213347
9.440882 12340.959580
9.458918 12052.681339
9.476954 11619.268674
9.494990 17945.498319
9.513026 7038.142639
9.531062 13092.159648
9.549098 15575.558655
9.567134 11001.308557
9.585170 18620.723732
9.603206 12886.613592
9.621242 19606.310338
9.639279 18734.638505
9.657315 14697.596052
9.675351 19263.570666
9.693387 21073.066566
9.711423 15679.815877
9.729459 21679.039178
9.747495 17966.876625
9.765531 12021.684993
9.783567 16320.634808
9.801603 21494.589119
9.819639 15448.788908
9.837675 10112.112192
9.855711 20782.968727
9.873747 18443.258700
9.891784 22930.050364
9.909820 28379.131385
9.927856 19468.682289
9.945892 18362.363963
9.963928 19546.396903
9.981964 31583.823804
10.000000 27533.082244
